1111111111111111111111111111111111111111
1000000000000000000000000000000000000001
1000000000000000000000000000000000000001
1000000000000000000000001111111111100001
1000000000000000000000000000000000100001
1000000000000010000000000000000000100001
1000000000000010000000000000000000100001
1000000000000011111000000000000000100001
1000000000000000001000000000000000100001
1000111110000000001000001111111111100001
1000111110000000001000000000000000000001
1000111110000000001000000000000000000001
1000000000000000001000000000000000000001
1000000000000000001000000000000000000001
1000000011111111111111111111110000000001
1000000000000000001000000000000000000001
1000000000000000001000000000000000000001
1000000000000000001000000000000000000001
1000000000000000001000000000000000000001
1000000000000000001000000001000000000001
1000010000000000001000000001000000000001
1000010000000000001000000001000000000001
1000010000000000001000000001000000000001
1000010000000000001000000001000000000001
1000010000000000001000000001000000000001
1000010000000000001000000001000000000001
1000010000000000001000000001000000000001
1000010000000000001000000001111000000001
1000010000000000000000000000000100000001
1000010000000000000000000000000010000001
1000010000000000000000000000000010000001
1000010000000000000000000000000001000001
1000010000000000000000000000000001000001
1000011110011111111111111100011110000001
1000000000000000000000000000000000000001
1000000000000000000000000000000000000001
1000000000000000000000000000000000000001
1000000000000000000000000000000000000001
1000000000000000000000000000000000000001
1111111111111111111111111111111111111111